[DEFAULT]
log_level = INFO  

[DIET_TYPE]
VEGAN=0.690000
VEGETARIAN=1.160000
PESCETARIAN=1.660000
FLEXITARIAN=1.945000
OMNIVORE=2.230000
CARNIVORE=3.737600
KETO=2.910000
PALEO=2.620000

[LEVEL_OF_WASTAGE]
MINIMAL=0.0010822
LOW=1.000000
MODERATE=1.300000
HIGH=1.800000

[LEVEL_OF_CONSUMPTION]
MINIMAL=0.700000
LOW=1.000000
MODERATE=1.300000
HIGH=1.800000